sigma,500
1,11.34,11.34                                                                                                                                       
2,12.3,14.67                                                                                                                                        
4,19.06,21.68                                                                                                                                       
8,20.53,18.47                                                                                                                                       
16,24.07,26.62                                                                                                                                      
32,19.48,21.83                                                                                                                                      
64,29.47,30.59                                                                                                                                      
128,31.09,34.08                                                                                                                                     
256,37.83,40.1                                                                                                                                      
512,35.45,40.76                                                                                                                                     
1024,40.59,48.79                                                                                                                                    
2048,49.24,52.3                                                                                                                                     
4096,58.17,63.82                                                                                                                                    

sigma,600
1,19.05,19.05                                                                                                                                       
2,18.88,21.88                                                                                                                                       
4,19.06,21.58                                                                                                                                       
8,22.93,22.45                                                                                                                                       
16,18.27,22.42                                                                                                                                      
32,27.53,32.23                                                                                                                                      
64,29.3,28.65                                                                                                                                       
128,32.0,34.98                                                                                                                                      
256,35.11,40.64                                                                                                                                     
512,43.1,43.71                                                                                                                                      
1024,39.36,43.25                                                                                                                                    
2048,45.92,56.1                                                                                                                                     
4096,55.61,56.32                                                                                                                                    

sigma,615
1,14.68,14.68                                                                                                                                       
2,17.35,19.99                                                                                                                                       
4,18.23,19.69                                                                                                                                       
8,18.22,19.54                                                                                                                                       
16,20.72,22.25                                                                                                                                      
32,24.15,27.19                                                                                                                                      
64,27.53,34.95                                                                                                                                      
128,35.19,33.71                                                                                                                                     
256,35.1,34.97                                                                                                                                      
512,39.95,45.3                                                                                                                                      
1024,46.87,48.31                                                                                                                                    
2048,50.96,54.39                                                                                                                                    
4096,51.58,60.02                                                                                                                                    

sigma,625
1,14.63,14.63                                                                                                                                       
2,13.63,18.39                                                                                                                                       
4,20.62,23.95                                                                                                                                       
8,20.97,23.06                                                                                                                                       
16,24.43,28.9                                                                                                                                       
32,24.53,26.91                                                                                                                                      
64,23.83,30.85                                                                                                                                      
128,29.25,33.28                                                                                                                                     
256,33.0,35.34                                                                                                                                      
512,36.61,39.57                                                                                                                                     
1024,42.81,50.12                                                                                                                                    
2048,46.02,57.07                                                                                                                                    
4096,60.07,63.75                                                                                                                                    

sigma,650
1,16.36,16.36                                                                                                                                       
2,15.6,17.79                                                                                                                                        
4,18.08,22.79                                                                                                                                       
8,22.46,22.99                                                                                                                                       
16,24.05,27.45                                                                                                                                      
32,30.69,32.21                                                                                                                                      
64,26.27,27.01                                                                                                                                      
128,29.24,33.94                                                                                                                                     
256,40.02,45.02                                                                                                                                     
512,42.37,45.12                                                                                                                                     
1024,39.38,44.26                                                                                                                                    
2048,47.44,53.4                                                                                                                                     
4096,49.27,58.83                                                                                                                                    

sigma,675
1,17.39,17.39                                                                                                                                       
2,21.62,19.73                                                                                                                                       
4,16.14,19.58                                                                                                                                       
8,21.99,23.19                                                                                                                                       
16,25.83,29.75                                                                                                                                      
32,21.85,21.73                                                                                                                                      
64,35.29,38.18                                                                                                                                      
128,29.85,32.29                                                                                                                                     
256,34.77,34.9                                                                                                                                      
512,38.15,42.33                                                                                                                                     
1024,47.97,46.06                                                                                                                                    
2048,46.0,50.66                                                                                                                                     
4096,52.84,60.04                                                                                                                                    

sigma,700
1,21.76,21.76                                                                                                                                       
2,13.61,13.44                                                                                                                                       
4,19.91,18.88                                                                                                                                       
8,22.06,23.82                                                                                                                                       
16,24.82,27.1                                                                                                                                       
32,28.72,26.23                                                                                                                                      
64,23.71,29.51                                                                                                                                      
128,27.0,30.05                                                                                                                                      
256,30.87,38.65                                                                                                                                     
512,36.96,38.21                                                                                                                                     
1024,41.5,52.59                                                                                                                                     
2048,44.43,54.63                                                                                                                                    
4096,49.01,61.12                                                                                                                                    

sigma,725
1,11.13,11.13                                                                                                                                       
2,19.54,20.51                                                                                                                                       
4,15.68,15.01                                                                                                                                       
8,22.21,26.38                                                                                                                                       
16,24.93,24.28                                                                                                                                      
32,29.17,29.73                                                                                                                                      
64,31.48,33.2                                                                                                                                       
128,28.72,31.45                                                                                                                                     
256,40.95,38.71                                                                                                                                     
512,38.6,42.72                                                                                                                                      
1024,39.17,44.72                                                                                                                                    
2048,43.61,51.38                                                                                                                                    
4096,56.73,60.8                                                                                                                                     

sigma,750
1,12.08,12.08                                                                                                                                       
2,14.1,13.94                                                                                                                                        
4,16.0,17.83                                                                                                                                        
8,16.18,19.89                                                                                                                                       
16,22.33,26.0                                                                                                                                       
32,25.41,27.73                                                                                                                                      
64,27.37,29.8                                                                                                                                       
128,26.28,30.6                                                                                                                                      
256,34.49,37.59                                                                                                                                     
512,35.19,43.83                                                                                                                                     
1024,46.56,48.58                                                                                                                                    
2048,52.35,56.6                                                                                                                                     
4096,57.88,59.14                                                                                                                                    

sigma,775
1,15.61,15.61                                                                                                                                       
2,16.64,14.68                                                                                                                                       
4,13.33,14.39                                                                                                                                       
8,16.91,26.76                                                                                                                                       
16,18.12,18.74                                                                                                                                      
32,22.26,20.39                                                                                                                                      
64,30.91,35.27                                                                                                                                      
128,28.59,34.6                                                                                                                                      
256,38.47,39.87                                                                                                                                     
512,34.53,40.21                                                                                                                                     
1024,42.71,46.87                                                                                                                                    
2048,47.55,45.61                                                                                                                                    
4096,54.16,63.99                                                                                                                                    

sigma,800
1,16.34,16.34                                                                                                                                       
2,11.5,13.78                                                                                                                                        
4,19.94,17.0                                                                                                                                        
8,18.56,22.91                                                                                                                                       
16,29.29,30.35                                                                                                                                      
32,26.92,24.96                                                                                                                                      
64,31.08,32.98                                                                                                                                      
128,29.02,33.8                                                                                                                                      
256,33.28,39.16                                                                                                                                     
512,38.06,39.97                                                                                                                                     
1024,42.66,42.8                                                                                                                                     
2048,51.22,56.92                                                                                                                                    
4096,56.99,64.48 